Correctly Classified Adveserial examples with mask
[36, 34, 56, 58, 75, 21, 41, 88, 108, 101, 194, 54, 94, 183, 15, 18, 77, 57]
1310
Correctly Classified Adveserial examples with 1-mask
957
[24, 21, 43, 38, 56, 15, 36, 48, 83, 74, 139, 36, 59, 182, 7, 14, 41, 41]
Correctly Classified Adveserial examples with no mask
681
[14, 7, 28, 33, 42, 11, 32, 27, 67, 43, 79, 19, 40, 175, 4, 10, 23, 27]
Number of original images
2033
Adversarial examples by mask or 1-mask
[2, 3, 4, 6, 9, 11, 13, 14, 15, 18, 22, 29, 30, 31, 34, 35, 36, 37, 38, 39, 40, 41, 43, 44, 45, 46, 47, 49, 50, 51, 52, 54, 57, 60, 61, 65, 68, 69, 70, 71, 72, 73, 76, 77, 78, 79, 80, 90, 91, 92, 93, 94, 97, 100, 101, 102, 105, 106, 107, 109, 112, 113, 115, 117, 118, 119, 124, 129, 130, 131, 132, 133, 134, 138, 139, 141, 143, 144, 150, 151, 152, 157, 158, 159, 162, 163, 165, 166, 175, 177, 179, 181, 183, 184, 190, 191, 193, 194, 197, 203, 204, 205, 206, 207, 209, 210, 212, 217, 218, 220, 222, 223, 226, 227, 228, 232, 233, 236, 237, 238, 244, 245, 246, 250, 254, 255, 256, 257, 258, 259, 262, 263, 264, 265, 268, 269, 270, 272, 273, 275, 277, 282, 285, 286, 287, 288, 289, 291, 292, 294, 296, 299, 301, 304, 310, 313, 314, 315, 317, 319, 321, 322, 323, 324, 328, 332, 335, 337, 339, 344, 346, 349, 350, 352, 356, 358, 359, 363, 370, 373, 374, 375, 376, 378, 379, 383, 387, 393, 405, 407, 410, 411, 419, 423, 425, 426, 429, 430, 432, 434, 435, 437, 441, 443, 444, 447, 475, 479, 482, 483, 487, 490, 493, 499, 500, 501, 504, 506, 507, 508, 509, 510, 511, 513, 517, 518, 519, 520, 521, 522, 523, 524, 528, 531, 538, 539, 542, 544, 545, 546, 548, 549, 551, 552, 554, 555, 556, 558, 563, 564, 565, 566, 571, 572, 576, 577, 580, 584, 585, 586, 587, 588, 589, 592, 593, 594, 595, 596, 597, 598, 599, 600, 601, 602, 604, 605, 606, 607, 608, 610, 611, 613, 614, 615, 617, 618, 619, 620, 621, 622, 623, 625, 626, 627, 628, 631, 634, 637, 638, 639, 641, 645, 648, 649, 650, 651, 654, 656, 657, 660, 661, 663, 667, 676, 677, 679, 681, 682, 684, 686, 687, 688, 689, 691, 692, 694, 698, 702, 704, 707, 709, 711, 712, 716, 721, 726, 727, 728, 729, 730, 731, 734, 735, 738, 739, 740, 748, 751, 754, 755, 756, 757, 758, 763, 765, 768, 769, 773, 781, 782, 783, 787, 789, 790, 791, 792, 793, 794, 795, 797, 798, 802, 805, 806, 807, 812, 818, 820, 821, 823, 824, 825, 827, 828, 831, 836, 837, 840, 842, 844, 847, 850, 854, 856, 861, 862, 863, 864, 865, 869, 870, 871, 877, 878, 885, 886, 891, 893, 894, 896, 897, 898, 899, 901, 903, 904, 905, 906, 909, 912, 913, 920, 922, 923, 924, 926, 928, 929, 930, 931, 932, 933, 935, 936, 937, 939, 940, 941, 943, 944, 947, 949, 952, 953, 957, 962, 963, 964, 967, 968, 971, 974, 978, 980, 981, 984, 986, 987, 989, 990, 994, 997, 998, 999, 1000, 1003, 1004, 1005, 1006, 1008, 1011, 1013, 1016, 1018, 1023, 1025, 1028, 1035, 1041, 1042, 1043, 1044, 1046, 1048, 1050, 1052, 1054, 1055, 1057, 1058, 1059, 1060, 1061, 1063, 1064, 1066, 1069, 1070, 1073, 1074, 1076, 1079, 1080, 1084, 1085, 1086, 1088, 1090, 1091, 1092, 1095, 1097, 1099, 1101, 1104, 1106, 1107, 1109, 1110, 1112, 1115, 1119, 1121, 1123, 1124, 1127, 1128, 1129, 1130, 1131, 1133, 1138, 1140, 1142, 1143, 1144, 1145, 1149, 1151, 1153, 1157, 1164, 1167, 1171, 1172, 1173, 1175, 1176, 1178, 1184, 1186, 1188, 1190, 1191, 1195, 1197, 1198, 1199, 1200, 1201, 1202, 1203, 1208, 1210, 1211, 1216, 1217, 1218, 1219, 1225, 1227, 1229, 1232, 1233, 1234, 1236, 1238, 1240, 1245, 1247, 1248, 1251, 1253, 1254, 1256, 1258, 1259, 1262, 1264, 1265, 1270, 1271, 1272, 1276, 1277, 1278, 1279, 1281, 1283, 1285, 1286, 1287, 1288, 1289, 1290, 1291, 1293, 1294, 1298, 1299, 1300, 1304, 1306, 1308, 1311, 1313, 1317, 1319, 1322, 1323, 1324, 1325, 1327, 1328, 1330, 1332, 1336, 1337, 1340, 1343, 1344, 1345, 1346, 1347, 1351, 1352, 1355, 1357, 1359, 1364, 1365, 1367, 1369, 1370, 1371, 1375, 1376, 1377, 1381, 1384, 1385, 1387, 1388, 1389, 1392, 1396, 1398, 1399, 1400, 1401, 1402, 1407, 1408, 1409, 1412, 1413, 1414, 1416, 1421, 1422, 1423, 1424, 1426, 1428, 1429, 1430, 1437, 1438, 1439, 1440, 1442, 1443, 1445, 1447, 1448, 1449, 1451, 1453, 1456, 1462, 1463, 1465, 1466, 1467, 1468, 1474, 1475, 1477, 1478, 1479, 1482, 1485, 1488, 1490, 1495, 1496, 1497, 1498, 1499, 1504, 1505, 1506, 1507, 1508, 1511, 1513, 1514, 1516, 1517, 1518, 1523, 1524, 1525, 1526, 1527, 1528, 1530, 1531, 1532, 1554, 1573, 1577, 1580, 1587, 1593, 1603, 1612, 1617, 1620, 1634, 1642, 1679, 1696, 1697, 1703, 1721, 1737, 1742, 1744, 1745, 1747, 1749, 1750, 1751, 1753, 1758, 1759, 1760, 1761, 1762, 1763, 1764, 1765, 1769, 1770, 1772, 1774, 1777, 1778, 1779, 1782, 1783, 1786, 1790, 1791, 1792, 1793, 1795, 1796, 1797, 1799, 1800, 1801, 1803, 1804, 1808, 1812, 1813, 1814, 1816, 1817, 1818, 1820, 1822, 1823, 1824, 1825, 1826, 1828, 1829, 1830, 1834, 1835, 1836, 1837, 1839, 1840, 1841, 1843, 1845, 1846, 1847, 1849, 1850, 1851, 1852, 1855, 1856, 1857, 1858, 1861, 1862, 1863, 1864, 1865, 1866, 1867, 1868, 1869, 1870, 1872, 1873, 1874, 1875, 1877, 1879, 1880, 1881, 1885, 1886, 1887, 1889, 1890, 1891, 1892, 1895, 1896, 1898, 1900, 1901, 1903, 1904, 1907, 1909, 1910, 1911, 1912, 1915, 1916, 1919, 1921, 1922, 1925, 1926, 1927, 1930, 1931, 1932, 1933, 1934, 1935, 1937, 1940, 1941, 1942, 1946, 1949, 1950, 1952, 1953, 1954, 1957, 1959, 1964, 1965, 1966, 1967, 1969, 1974, 1976, 1978, 1979, 1982, 1983, 1985, 1986, 1987, 1989, 1990, 1997, 1999, 2007, 2008, 2013, 2015, 2016, 2019, 2020, 2021, 2022, 2023, 2026, 2027, 2031]
914
Adversarial examples by mask and 1-mask
[2, 3, 4, 9, 14, 15, 29, 30, 31, 34, 36, 37, 38, 39, 41, 43, 44, 47, 49, 50, 51, 54, 57, 60, 61, 65, 68, 69, 70, 71, 72, 76, 80, 90, 91, 92, 97, 100, 101, 102, 112, 113, 118, 124, 130, 132, 139, 141, 143, 144, 150, 152, 157, 159, 162, 163, 177, 179, 181, 184, 191, 203, 204, 205, 207, 209, 210, 212, 217, 220, 222, 228, 232, 237, 255, 257, 259, 262, 273, 277, 282, 285, 287, 288, 289, 291, 294, 296, 299, 304, 310, 313, 314, 315, 317, 319, 321, 322, 323, 324, 332, 335, 359, 363, 376, 379, 383, 407, 410, 411, 419, 425, 429, 432, 434, 443, 447, 493, 499, 501, 504, 506, 507, 509, 510, 518, 519, 521, 522, 524, 528, 531, 542, 545, 546, 548, 549, 551, 552, 556, 572, 576, 585, 587, 588, 589, 592, 593, 594, 595, 596, 599, 601, 604, 606, 608, 614, 615, 619, 620, 621, 625, 627, 631, 637, 638, 639, 645, 648, 649, 650, 651, 654, 656, 657, 661, 663, 667, 676, 681, 682, 687, 689, 692, 694, 698, 704, 707, 709, 712, 721, 726, 727, 730, 734, 735, 739, 748, 751, 757, 758, 765, 768, 769, 773, 781, 782, 783, 790, 791, 792, 793, 795, 797, 806, 807, 812, 820, 821, 823, 824, 825, 828, 831, 836, 840, 847, 854, 856, 861, 862, 863, 865, 869, 871, 877, 878, 885, 886, 897, 898, 901, 904, 905, 909, 912, 913, 922, 923, 924, 928, 929, 931, 932, 933, 935, 937, 939, 940, 941, 943, 944, 949, 952, 957, 962, 963, 967, 968, 971, 978, 984, 986, 987, 989, 990, 998, 999, 1000, 1004, 1013, 1016, 1023, 1035, 1043, 1044, 1048, 1052, 1054, 1057, 1058, 1060, 1061, 1063, 1064, 1069, 1070, 1073, 1074, 1079, 1080, 1090, 1091, 1092, 1099, 1104, 1106, 1109, 1110, 1127, 1129, 1140, 1143, 1144, 1151, 1157, 1164, 1167, 1173, 1175, 1176, 1178, 1184, 1188, 1190, 1191, 1197, 1198, 1201, 1202, 1208, 1216, 1217, 1219, 1225, 1227, 1229, 1234, 1236, 1238, 1245, 1251, 1254, 1258, 1259, 1262, 1265, 1270, 1272, 1276, 1277, 1279, 1281, 1285, 1286, 1287, 1288, 1289, 1290, 1291, 1293, 1298, 1299, 1300, 1311, 1313, 1317, 1319, 1322, 1325, 1328, 1330, 1332, 1336, 1337, 1340, 1344, 1345, 1346, 1347, 1351, 1352, 1355, 1359, 1364, 1369, 1370, 1371, 1375, 1381, 1384, 1385, 1387, 1388, 1392, 1398, 1399, 1400, 1401, 1409, 1413, 1414, 1421, 1422, 1423, 1424, 1429, 1437, 1438, 1439, 1440, 1442, 1445, 1449, 1453, 1462, 1466, 1474, 1477, 1485, 1495, 1496, 1497, 1506, 1507, 1508, 1513, 1514, 1516, 1517, 1525, 1526, 1527, 1531, 1554, 1573, 1587, 1593, 1603, 1617, 1634, 1642, 1696, 1697, 1703, 1721, 1737, 1742, 1751, 1758, 1760, 1761, 1762, 1764, 1770, 1772, 1777, 1779, 1782, 1783, 1786, 1790, 1791, 1792, 1796, 1799, 1800, 1801, 1803, 1814, 1816, 1818, 1822, 1823, 1824, 1825, 1826, 1828, 1829, 1830, 1835, 1840, 1841, 1843, 1845, 1846, 1847, 1849, 1850, 1852, 1855, 1861, 1863, 1864, 1865, 1866, 1868, 1870, 1872, 1873, 1875, 1880, 1885, 1886, 1887, 1889, 1892, 1896, 1898, 1900, 1901, 1903, 1904, 1907, 1909, 1910, 1911, 1912, 1915, 1919, 1921, 1922, 1925, 1926, 1933, 1934, 1937, 1940, 1942, 1946, 1949, 1950, 1952, 1953, 1954, 1957, 1966, 1967, 1983, 1985, 1986, 1989, 1990, 1999, 2008, 2013, 2020, 2022, 2023]
549
Adversarial examples by only mask 
[197, 729, 1028, 1679, 2016]
5
Adversarial examples by only 1-mask
[6, 11, 13, 18, 22, 35, 40, 45, 46, 52, 73, 77, 78, 79, 93, 94, 105, 106, 107, 109, 115, 117, 119, 129, 131, 133, 134, 138, 151, 158, 165, 166, 175, 183, 190, 193, 194, 206, 218, 223, 226, 227, 233, 236, 238, 244, 245, 246, 250, 254, 256, 258, 263, 264, 265, 268, 269, 270, 272, 275, 286, 292, 301, 328, 337, 339, 344, 346, 349, 350, 352, 356, 358, 370, 373, 374, 375, 378, 387, 393, 405, 423, 426, 430, 435, 437, 441, 444, 475, 479, 482, 483, 487, 490, 500, 508, 511, 513, 517, 520, 523, 538, 539, 544, 554, 555, 558, 563, 564, 565, 566, 571, 577, 580, 584, 586, 597, 598, 600, 602, 605, 607, 610, 611, 613, 617, 618, 622, 623, 626, 628, 634, 641, 660, 677, 679, 684, 686, 688, 691, 702, 711, 716, 728, 731, 738, 740, 754, 755, 756, 763, 787, 789, 794, 798, 802, 805, 818, 827, 837, 842, 844, 850, 864, 870, 891, 893, 894, 896, 899, 903, 906, 920, 926, 930, 936, 947, 953, 964, 974, 980, 981, 994, 997, 1003, 1005, 1006, 1008, 1011, 1018, 1025, 1041, 1042, 1046, 1050, 1055, 1059, 1066, 1076, 1084, 1085, 1086, 1088, 1095, 1097, 1101, 1107, 1112, 1115, 1119, 1121, 1123, 1124, 1128, 1130, 1131, 1133, 1138, 1142, 1145, 1149, 1153, 1171, 1172, 1186, 1195, 1199, 1200, 1203, 1210, 1211, 1218, 1232, 1233, 1240, 1247, 1248, 1253, 1256, 1264, 1271, 1278, 1283, 1294, 1304, 1306, 1308, 1323, 1324, 1327, 1343, 1357, 1365, 1367, 1376, 1377, 1389, 1396, 1402, 1407, 1408, 1412, 1416, 1426, 1428, 1430, 1443, 1447, 1448, 1451, 1456, 1463, 1465, 1467, 1468, 1475, 1478, 1479, 1482, 1488, 1490, 1498, 1499, 1504, 1505, 1511, 1518, 1523, 1524, 1528, 1530, 1532, 1577, 1580, 1612, 1620, 1744, 1745, 1747, 1749, 1750, 1753, 1759, 1763, 1765, 1769, 1774, 1778, 1793, 1795, 1797, 1804, 1808, 1812, 1813, 1817, 1820, 1834, 1836, 1837, 1839, 1851, 1856, 1857, 1858, 1862, 1867, 1869, 1874, 1877, 1879, 1881, 1890, 1891, 1895, 1916, 1927, 1930, 1931, 1932, 1935, 1941, 1959, 1964, 1965, 1969, 1974, 1976, 1978, 1979, 1982, 1987, 1997, 2007, 2015, 2019, 2021, 2026, 2027, 2031]
360



Number of Adveserial examples with mask:
554
Number of Adveserial examples with 1-mask:
909
Number of Adveserial examples without mask:
1188


